Transaction Date,Details,Account,Category,Subcategory,Debit,Credit,Balance,Original Description
1-May-22,Spotify,BigBank Expensive Card,Leisure,Music,11.99,,29452.92,Spotify P1b356fcd7 Sydney 036
30-Apr-22,Cru Bar And Cellar Sometown Va 036,BigBank Expensive Card,Food & Drink,Alcohol & Bars,284.75,,29737.67,Cru Bar And Cellar Sometown Va 036
30-Apr-22,King Fresh Pl Wherever 036,BigBank Expensive Card,Food & Drink,Other Food Expenses,27.96,,29765.63,King Fresh Pl Wherever 036
29-Apr-22,Uber Eats,BigBank Expensive Card,Food & Drink,Restaurants,38.08,,29803.71,Uber *eats Sydney 036
29-Apr-22,Coles Online 4431 Alderle 036,BigBank Expensive Card,Food & Drink,Groceries,99.31,,29903.02,Coles Online 4431 Alderle 036
28-Apr-22,Coles Online 4431 Alderle 036,BigBank Expensive Card,Food & Drink,Groceries,104.26,,30007.28,Coles Online 4431 Alderle 036
26-Apr-22,Coles Online,BigBank Expensive Card,Food & Drink,Groceries,170.32,,30177.6,Coles Online Hawthorn East
26-Apr-22,Regular pay,BigBank Expensive Card,Salary,Income ,,6500,23677.6,Salary 
26-Apr-22,Aldi Stores - Wherever Wherever,BigBank Expensive Card,Food & Drink,Groceries,108.81,,23786.41,Aldi Stores - Wherever Wherever
26-Apr-22,King Fresh Pl Wherever,BigBank Expensive Card,Food & Drink,Other Food Expenses,43.2,,23829.61,King Fresh Pl Wherever
26-Apr-22,Credit Card Payment,BigBank Expensive Card,Financial,Other Financials,,1200,22629.61,ONLINE PAYMENT SYDNEY
26-Apr-22,Outback Equipment Fromhere Plain,BigBank Expensive Card,Transportation,Auto Supplies,59.04,,22688.65,Outback Equipment Fromhere Plain
26-Apr-22,Allianz Insurance,BigBank Expensive Card,Insurance,Financial Insurance,87.2,,22775.85,Allianz Insure C1 Sydney
24-Apr-22,BWS (Muddy sdhf),BigBank Expensive Card,Food & Drink,Alcohol & Bars,22,,22797.85,Bws/t2 27 Connor Street Muddy Hds
23-Apr-22,Bunnings (Muddy Waters),BigBank Expensive Card,Home,Other Home Expenses,109.62,,22907.47,Bunnings 776000 Muddy Wate
23-Apr-22,Bunnings (Muddy Waters),BigBank Expensive Card,Home,Other Home Expenses,14.99,,22922.46,Bunnings 776000 Muddy Wate
22-Apr-22,Happy Coast Tourist Par Muddy Head,BigBank Expensive Card,Sports & Fitness,Camping,119,,23041.46,Happy Coast Tourist Par Muddy Head
20-Apr-22,Coles Online,BigBank Expensive Card,Food & Drink,Groceries,107.58,,23149.04,Coles Online Hawthorn East
19-Apr-22,AXXDD Online Store,BigBank Expensive Card,Home,Other Home Expenses,26.98,,23176.02,AXXDD.com/bill Sydney
18-Apr-22,Sq *kahlo Coffee The Place,BigBank Expensive Card,Food & Drink,Fast Food,36,,23212.02,Sq *kahlo Coffee The Place
18-Apr-22,Flushco Pty Ltd The Place,BigBank Expensive Card,Sports & Fitness,Memberships,16,,23228.02,Flushco Pty Ltd The Place
17-Apr-22,AXXDD Online Store,BigBank Expensive Card,Home,Other Home Expenses,14.99,,23243.01,AXXDD.com/bill Sydney
16-Apr-22,Aldi Stores - Wherever Wherever,BigBank Expensive Card,Food & Drink,Groceries,133.43,,23376.44,Aldi Stores - Wherever Wherever
16-Apr-22,Woolworths/Wherever Rd Wherever,BigBank Expensive Card,Food & Drink,Groceries,40.68,,23417.12,Woolworths/Wherever Rd Wherever
16-Apr-22,Coles Online,BigBank Expensive Card,Food & Drink,Groceries,128.97,,23546.09,Coles Online Hawthorn East
16-Apr-22,Flushco Pty Ltd The Place,BigBank Expensive Card,Sports & Fitness,Memberships,15,,23561.09,Flushco Pty Ltd The Place
14-Apr-22,AXXDD Online Store,BigBank Expensive Card,Home,Other Home Expenses,14.99,,23576.08,AXXDD.com/bill Sydney
14-Apr-22,Zonefresh Portside OSIDjf,BigBank Expensive Card,Food & Drink,Groceries,33.23,,23609.31,Zonefresh wkejf
14-Apr-22,Woolworths/318-332 insnif lwknt,BigBank Expensive Card,Food & Drink,Groceries,156.6,,23765.91,Woolworths/318-332 insnif lwknt
14-Apr-22,AXXDD Online Store,BigBank Expensive Card,Home,Other Home Expenses,,32.69,23733.22,AXXDD.COM/BILL SYDNEY
13-Apr-22,AXXDD Online Store,BigBank Expensive Card,Home,Other Home Expenses,17.99,,23751.21,AXXDD.com/bill Sydney
13-Apr-22,AXXDD Online Store,BigBank Expensive Card,Home,Other Home Expenses,29.98,,23781.19,AXXDD.com/bill Sydney
12-Apr-22,Regular pay,BigBank Expensive Card,Salary,Income ,,6500,17281.19,Salary 
12-Apr-22,Credit Card Payment,BigBank Expensive Card,Financial,Other Financials,,1400,15881.19,ONLINE PAYMENT SYDNEY
11-Apr-22,Blackwood Cafe & Espr OISDfelton,BigBank Expensive Card,Food & Drink,Restaurants,12.8,,15893.99,Blackwood Cafe & Espr OISDfelton
10-Apr-22,Coles Online,BigBank Expensive Card,Food & Drink,Groceries,203.23,,16097.22,Coles Online Hawthorn East
9-Apr-22,Aldi Stores - Wherever Wherever,BigBank Expensive Card,Food & Drink,Groceries,85.66,,16182.88,Aldi Stores - Wherever Wherever
9-Apr-22,Woolworths/Wherever Rd Wherever,BigBank Expensive Card,Food & Drink,Groceries,43.36,,16226.24,Woolworths/Wherever Rd Wherever
9-Apr-22,Terry White Chemists,BigBank Expensive Card,Health & Medical,Pharmacies,30.28,,16256.52,Terry White Chemists Wherever
9-Apr-22,BCF - Boating Camping Fishing (Everton Park),BigBank Expensive Card,Personal,Clothing,14.99,,16271.51,Bcf Everton Park Everton Park
9-Apr-22,Drummond Golf 03 9565 1400,BigBank Expensive Card,Personal,Clothing,178,,16449.51,Drummond Golf 03 9565 1400
9-Apr-22,A Gentle Clip Ultimate Dog Grooming,BigBank Expensive Card,Personal,Other Personal Expenses,90,,16539.51,A Gentle Clip pmgpwie
8-Apr-22,Electronicalarms&insta sljwoe Down,BigBank Expensive Card,Leisure,Music,2971.74,,19511.25,Electronicalarms&insta sljwoe Down
8-Apr-22,Credit Card Payment,BigBank Expensive Card,Financial,Other Financials,,4300,15211.25,ONLINE PAYMENT SYDNEY
8-Apr-22,Flushco Pty Ltd The Place,BigBank Expensive Card,Sports & Fitness,Memberships,7,,15218.25,Flushco Pty Ltd The Place
8-Apr-22,Alchemy Rst & Bar Pl iwuehfj,BigBank Expensive Card,Food & Drink,Restaurants,290.78,,15509.03,Alchemy Rst & Bar Pl iwuehfj
6-Apr-22,Amazon Prime Subscription,BigBank Expensive Card,Services,Marketing,6.99,,15516.02,Amznprimeau Membership Sydney sdhf
6-Apr-22,Col Nayler Barber Sh lwknt,BigBank Expensive Card,Personal,Beauty,41.95,,15557.97,Col Nayler Barber Sh lwknt
6-Apr-22,Electrical Home Aids,BigBank Expensive Card,Home,Furnishings,29.99,,15587.96,Electrical Home Aids lwknt
6-Apr-22,AXXDD Online Store,BigBank Expensive Card,Home,Other Home Expenses,54.98,,15642.94,AXXDD.com/bill Sydney
5-Apr-22,Mr Yum* 5 Boroughs Ev owenfowime,BigBank Expensive Card,Food & Drink,Restaurants,61.53,,15704.47,Mr Yum* 5 Boroughs Ev owenfowime
4-Apr-22,Caravanrvcamping 1800787278,BigBank Expensive Card,Transportation,Other Transportation Expenses,2113,,17817.47,Caravanrvcamping 1800787278
4-Apr-22,Credit Card Payment,BigBank Expensive Card,Financial,Other Financials,,2100,15717.47,ONLINE PAYMENT SYDNEY
2-Apr-22,MisterminitWherevercty Wherever,BigBank Expensive Card,Personal,Shoes,24.95,,15742.42,MisterminitWherevercty Wherever
2-Apr-22,Woolworths/Wherever Rd Wherever,BigBank Expensive Card,Food & Drink,Groceries,75.55,,15817.97,Woolworths/Wherever Rd Wherever
2-Apr-22,Swimart (wiejgowinegf),BigBank Expensive Card,Home,Other Home Expenses,30,,15847.97,Swimart wiejgowinegf wiejgowinegf
1-Apr-22,Spotify,BigBank Expensive Card,Leisure,Music,11.99,,15859.96,Spotify P1aa66b752 Sydney
1-Apr-22,Liquorland 6472 Smallplace,BigBank Expensive Card,Food & Drink,Alcohol & Bars,82,,15941.96,Liquorland 6472 Smallplace
1-Apr-22,Aldi Stores - Wherever Wherever,BigBank Expensive Card,Food & Drink,Groceries,184.46,,16126.42,Aldi Stores - Wherever Wherever
1-Apr-22,Coles Online,BigBank Expensive Card,Food & Drink,Groceries,127.87,,16254.29,Coles Online Hawthorn East
1-Apr-22,Flushco Pty Ltd The Place,BigBank Expensive Card,Sports & Fitness,Memberships,7,,16261.29,Flushco Pty Ltd The Place
1-Apr-22,Credit Card Payment,BigBank Expensive Card,Financial,Other Financials,,750,15511.29,ONLINE PAYMENT SYDNEY
29-Mar-22,Credit Card Payment,BigBank Expensive Card,Financial,Other Financials,,800,14711.29,ONLINE PAYMENT SYDNEY
29-Mar-22,BIG W (Brookside Shopping Centre),BigBank Expensive Card,Personal,Other Personal Expenses,82.5,,14793.79,Big W/brookside S/c Osbor OISDfelton
29-Mar-22,Specsavers Optometrists - Brookside,BigBank Expensive Card,Health & Medical,Eyes,179.6,,14973.39,Specsavers Brookside P/l OISDfelton
28-Mar-22,Allianz Insurance,BigBank Expensive Card,Insurance,Financial Insurance,87.2,,15060.59,Allianz Insure C1 Sydney
27-Mar-22,AXXDD Online Store,BigBank Expensive Card,Home,Other Home Expenses,14.99,,15075.58,AXXDD.com/bill Sydney
27-Mar-22,AXXDD Online Store,BigBank Expensive Card,Home,Other Home Expenses,4.99,,15080.57,AXXDD.com/bill Sydney
27-Mar-22,Woolworths/Wherever Rd Wherever,BigBank Expensive Card,Food & Drink,Groceries,33.4,,15113.97,Woolworths/Wherever Rd Wherever
26-Mar-22,Naples Pizzeria Pl owijhg,BigBank Expensive Card,Food & Drink,Fast Food,44,,15157.97,Naples Pizzeria Pl owijhg
26-Mar-22,Liv*maccotter Pest pmgpwie,BigBank Expensive Card,Business,Services,330,,15487.97,Liv*maccotter Pest pmgpwie
12-Apr-22,Regular pay,BigBank Expensive Card,Salary,Income ,,6500,8987.97,Salary 
26-Mar-22,Zegatos,BigBank Expensive Card,Food & Drink,Fast Food,19.5,,9007.47,Zegatos Pty Ltd The Place
26-Mar-22,Flushco Pty Ltd The Place,BigBank Expensive Card,Sports & Fitness,Memberships,13,,9020.47,Flushco Pty Ltd The Place
25-Mar-22,T Chu & Q T Nguyen Greenslopes,BigBank Expensive Card,Food & Drink,Restaurants,55.5,,9075.97,T Chu & Q T Nguyen Greenslopes
25-Mar-22,Aldi Stores - Wherever Wherever,BigBank Expensive Card,Food & Drink,Groceries,126.35,,9202.32,Aldi Stores - Wherever Wherever
25-Mar-22,King Fresh Pl Wherever,BigBank Expensive Card,Food & Drink,Other Food Expenses,16.87,,9219.19,King Fresh Pl Wherever
25-Mar-22,AXXDD Online Store,BigBank Expensive Card,Home,Other Home Expenses,24.97,,9244.16,AXXDD.com/bill Sydney
25-Mar-22,Coles Online,BigBank Expensive Card,Food & Drink,Groceries,114.56,,9358.72,Coles Online Hawthorn East
24-Mar-22,iwuehfj Convention & Exhibition Centre,BigBank Expensive Card,Transportation,Parking & Tolls,18,,9376.72,iwuehfj Convention An sdhf Brisban
22-Mar-22,BIG W (Westfield wkejf),BigBank Expensive Card,Personal,Other Personal Expenses,45,,9421.72,Big W/2 OSIDjf Rd wkejf
20-Mar-22,Aldi Stores - Wherever Wherever,BigBank Expensive Card,Food & Drink,Groceries,164.79,,9586.51,Aldi Stores - Wherever Wherever
20-Mar-22,Credit Card Payment,BigBank Expensive Card,Financial,Other Financials,,750,8836.51,ONLINE PAYMENT SYDNEY
20-Mar-22,King Fresh Pl Wherever,BigBank Expensive Card,Food & Drink,Other Food Expenses,38.51,,8875.02,King Fresh Pl Wherever
20-Mar-22,Dicky Beach Family Hol Dicky Beach,BigBank Expensive Card,Sports & Fitness,Camping,222,,9097.02,Dicky Beach Family Hol Dicky Beach
20-Mar-22,Coles Online,BigBank Expensive Card,Food & Drink,Groceries,87.56,,9184.58,Coles Online Hawthorn East
17-Mar-22,Autobarn,BigBank Expensive Card,Transportation,Auto Supplies,109.98,,9294.56,Autobarn wiejgowinegf Smallplace
17-Mar-22,Aussie Seafood House,BigBank Expensive Card,Food & Drink,Groceries,37.73,,9332.29,Aussie Seafood House Lawnton
16-Mar-22,Woolworths/318-332 insnif lwknt,BigBank Expensive Card,Food & Drink,Groceries,20.54,,9352.83,Woolworths/318-332 insnif lwknt
15-Mar-22,AXXDD Online Store,BigBank Expensive Card,Home,Other Home Expenses,49.99,,9402.82,AXXDD.com/bill Sydney
13-Mar-22,Credit Card Payment,BigBank Expensive Card,Financial,Other Financials,,1784.04,7618.78,ONLINE PAYMENT SYDNEY
13-Mar-22,AXXDD Online Store,BigBank Expensive Card,Home,Other Home Expenses,17.99,,7636.77,AXXDD.com/bill Sydney
13-Mar-22,Airbnb * Hmjm8y4nb9 415-800-5959,BigBank Expensive Card,Travel,Accommodation,536.9,,8173.67,Airbnb * Hmjm8y4nb9 415-800-5959
12-Mar-22,Rode Meats,BigBank Expensive Card,Food & Drink,Groceries,55.68,,8229.35,Rode Meats Wherever Heig
12-Mar-22,L/land Qld 8339 wiejgowinegf,BigBank Expensive Card,Food & Drink,Alcohol & Bars,95,,8324.35,L/land Qld 8339 wiejgowinegf
12-Mar-22,AXXDD Online Store,BigBank Expensive Card,Home,Other Home Expenses,24.99,,8349.34,AXXDD.com/bill Sydney
12-Apr-22,Regular pay,BigBank Expensive Card,Salary,Income ,,6500,1849.34,Salary 
12-Mar-22,Flushco Pty Ltd The Place,BigBank Expensive Card,Sports & Fitness,Memberships,13,,1862.34,Flushco Pty Ltd The Place
12-Mar-22,AXXDD Online Store,BigBank Expensive Card,Home,Other Home Expenses,4.99,,1867.33,AXXDD.com/bill Sydney
11-Mar-22,L J Ma & L Ma owijhg,BigBank Expensive Card,Food & Drink,Restaurants,39.8,,1907.13,L J Ma & L Ma owijhg
11-Mar-22,King Fresh Pl Wherever,BigBank Expensive Card,Food & Drink,Other Food Expenses,15.97,,1923.1,King Fresh Pl Wherever
11-Mar-22,Aldi Stores - Wherever Wherever,BigBank Expensive Card,Food & Drink,Groceries,168.58,,2091.68,Aldi Stores - Wherever Wherever
11-Mar-22,Liquorland 6472 Smallplace,BigBank Expensive Card,Food & Drink,Alcohol & Bars,71,,2162.68,Liquorland 6472 Smallplace
11-Mar-22,Coles Online,BigBank Expensive Card,Food & Drink,Groceries,148.39,,2311.07,Coles Online Hawthorn East
11-Mar-22,Flushco Pty Ltd The Place,BigBank Expensive Card,Sports & Fitness,Memberships,7,,2318.07,Flushco Pty Ltd The Place
7-Mar-22,AIA Australia,BigBank Expensive Card,Insurance,Financial Insurance,297.33,,2615.4,Aia Australia Ltd Melbourne
7-Mar-22,4212 0731777444,BigBank Expensive Card,Travel,Tours & Cruises,385,,3000.4,4212 0731777444
7-Mar-22,Credit Card Payment,BigBank Expensive Card,Financial,Other Financials,,1100,1900.4,ONLINE PAYMENT SYDNEY
6-Mar-22,Amazon Prime Subscription,BigBank Expensive Card,Services,Marketing,6.99,,1907.39,Amznprimeau Membership Sydney sdhf
6-Mar-22,AXXDD Online Store,BigBank Expensive Card,Home,Other Home Expenses,54.98,,1962.37,AXXDD.com/bill Sydney
5-Mar-22,Mosconi Sometown Val,BigBank Expensive Card,Food & Drink,Restaurants,219.08,,2181.45,Mosconi Sometown Val
5-Mar-22,Credit Card Payment,BigBank Expensive Card,Financial,Other Financials,,300,1881.45,ONLINE PAYMENT SYDNEY
5-Mar-22,Terry White Chemists,BigBank Expensive Card,Health & Medical,Pharmacies,23.17,,1904.62,Terry White Chemists Wherever
5-Mar-22,Autobarn,BigBank Expensive Card,Transportation,Auto Supplies,30.95,,1935.57,Autobarn wiejgowinegf Smallplace
5-Mar-22,Swimart (wiejgowinegf),BigBank Expensive Card,Home,Other Home Expenses,38.9,,1974.47,Swimart wiejgowinegf wiejgowinegf
4-Mar-22,Coles Online,BigBank Expensive Card,Food & Drink,Groceries,143.8,,2118.27,Coles Online Hawthorn East
2-Mar-22,Siri Thai Restaurant,BigBank Expensive Card,Food & Drink,Restaurants,485.2,,2603.47,Siri Thai Pty Ltd Smallplace
2-Mar-22,L/land Qld 8339 wiejgowinegf,BigBank Expensive Card,Food & Drink,Alcohol & Bars,38,,2641.47,L/land Qld 8339 wiejgowinegf
2-Mar-22,Credit Card Payment,BigBank Expensive Card,Financial,Other Financials,,900,1741.47,ONLINE PAYMENT SYDNEY
1-Mar-22,P1a150177c Sydney,BigBank Expensive Card,Education,Books & Supplies,11.99,,1753.46,P1a150177c Sydney
27-Feb-22,Reading Cinemas (iwuehfj Village),BigBank Expensive Card,Leisure,Movies,,40,1713.46,READING iwuehfj iwuehfj
27-Feb-22,Reading Cinemas,BigBank Expensive Card,Leisure,Movies,43,,1756.46,Reading Cinemas Melbourne
27-Feb-22,AXXDD Online Store,BigBank Expensive Card,Home,Other Home Expenses,14.99,,1771.45,AXXDD.com/bill Sydney
27-Feb-22,AXXDD Online Store,BigBank Expensive Card,Home,Other Home Expenses,4.99,,1776.44,AXXDD.com/bill Sydney
26-Feb-22,Regular pay,BigBank Expensive Card,Salary,Income ,,6500,1776.44,Salary 
26-Feb-22,Aldi Stores - Wherever Wherever,BigBank Expensive Card,Food & Drink,Groceries,193.15,,1969.59,Aldi Stores - Wherever Wherever
26-Feb-22,Woolworths/Wherever Rd Wherever,BigBank Expensive Card,Food & Drink,Groceries,17.85,,1987.44,Woolworths/Wherever Rd Wherever
25-Feb-22,Credit Card Payment,BigBank Expensive Card,Financial,Other Financials,,650,1337.44,ONLINE PAYMENT SYDNEY
25-Feb-22,L/land Qld 8339 wiejgowinegf,BigBank Expensive Card,Food & Drink,Alcohol & Bars,76,,1413.44,L/land Qld 8339 wiejgowinegf
25-Feb-22,Allianz Insurance,BigBank Expensive Card,Insurance,Financial Insurance,87.2,,1500.64,Allianz Insure C1 Sydney
25-Feb-22,Col Nayler Barber Sh lwknt,BigBank Expensive Card,Personal,Beauty,41.95,,1542.59,Col Nayler Barber Sh lwknt
25-Feb-22,Coles Online,BigBank Expensive Card,Food & Drink,Groceries,202.74,,1745.33,Coles Online Hawthorn East
24-Feb-22,Access Auto Electrics pmgpwie,BigBank Expensive Card,Transportation,Auto Supplies,788.5,,2533.83,Access Auto Electrics pmgpwie
24-Feb-22,Credit Card Payment,BigBank Expensive Card,Financial,Other Financials,,250,2283.83,ONLINE PAYMENT SYDNEY
23-Feb-22,Sp * Mats By Design Amberley,BigBank Expensive Card,Leisure,Music,229.15,,2512.98,Sp * Mats By Design Amberley
23-Feb-22,AIA Australia,BigBank Expensive Card,Insurance,Financial Insurance,69,,2581.98,Aia Australia Ltd Melbourne
21-Feb-22,Happyen Beach Holiday Park,BigBank Expensive Card,Travel,Accommodation,57,,2638.98,Happyen Beach Holiday Happyen Beach
21-Feb-22,iwuehfj City Council - Rates And Other Payments,BigBank Expensive Card,Services,Government,474.09,,3113.07,Bcc Rates & Other Pymt iwuehfj
21-Feb-22,Winery Cellar Door - Surr Y Hills,BigBank Expensive Card,Food & Drink,Alcohol & Bars,280,,3393.07,Winery Cellar Door - Surr Y Hills
21-Feb-22,Credit Card Payment,BigBank Expensive Card,Financial,Other Financials,,900,2493.07,ONLINE PAYMENT SYDNEY
21-Feb-22,Outback Equipment Fromhere Plain,BigBank Expensive Card,Transportation,Auto Supplies,86.33,,2579.4,Outback Equipment Fromhere Plain
20-Feb-22,ALDI (The Place),BigBank Expensive Card,Food & Drink,Groceries,166.57,,2745.97,Aldi Stores -the Place The Place
20-Feb-22,Liquorland (The Place),BigBank Expensive Card,Food & Drink,Alcohol & Bars,54,,2799.97,Liquorland 6649 The Place
20-Feb-22,Ziad Holdings Pty Lt The Place,BigBank Expensive Card,Food & Drink,Fast Food,32.19,,2832.16,Ziad Holdings Pty Lt The Place
19-Feb-22,Spotto - Taxi Payment,BigBank Expensive Card,Transportation,Taxis,25.31,,2857.47,Spotto Qld osdfgj
19-Feb-22,Giardinetto,BigBank Expensive Card,Food & Drink,Restaurants,140.1,,2997.57,Giardinetto Sometown Val
19-Feb-22,Credit Card Payment,BigBank Expensive Card,Financial,Other Financials,,1100,1897.57,ONLINE PAYMENT SYDNEY
19-Feb-22,Flushco Pty Ltd The Place,BigBank Expensive Card,Sports & Fitness,Memberships,13,,1910.57,Flushco Pty Ltd The Place
19-Feb-22,AXXDD Online Store,BigBank Expensive Card,Home,Other Home Expenses,4.99,,1915.56,AXXDD.com/bill Sydney
19-Feb-22,Coles Online,BigBank Expensive Card,Food & Drink,Groceries,,6,1909.56,COLES ONLINE HAWTHORN EAST
18-Feb-22,Uber Eats,BigBank Expensive Card,Food & Drink,Restaurants,98.3,,2007.86,Uber *eats Sydney
18-Feb-22,Coles Online,BigBank Expensive Card,Food & Drink,Groceries,183.16,,2191.02,Coles Online Hawthorn East
17-Feb-22,AXXDD Online Store,BigBank Expensive Card,Home,Other Home Expenses,19.98,,2211,AXXDD.com/bill Sydney
17-Feb-22,Officeworks Online,BigBank Expensive Card,Education,Stationery,497,,2708,Officeworks Bentleigh Eas
17-Feb-22,Credit Card Payment,BigBank Expensive Card,Financial,Other Financials,,500,2208,ONLINE PAYMENT SYDNEY
16-Feb-22,Wallace Bishop Jewel lwknt,BigBank Expensive Card,Personal,Jewellery,30,,2238,Wallace Bishop Jewel lwknt
16-Feb-22,Coles (lwknt),BigBank Expensive Card,Food & Drink,Groceries,1.8,,2239.8,Coles 4660 lwknt
13-Feb-22,Ziad Holdings Pty Lt The Place,BigBank Expensive Card,Food & Drink,Fast Food,38,,2277.8,Ziad Holdings Pty Lt The Place
13-Feb-22,AXXDD Online Store,BigBank Expensive Card,Home,Other Home Expenses,17.99,,2295.79,AXXDD.com/bill Sydney
13-Feb-22,AXXDD Online Store,BigBank Expensive Card,Home,Other Home Expenses,29.98,,2325.77,AXXDD.com/bill Sydney
13-Feb-22,sdhf Bank Corporation,BigBank Expensive Card,Transportation,Parking & Tolls,20,,2345.77,sdhf Bank Corpo sdhf Brisban
12-Feb-22,Regular pay,BigBank Expensive Card,Salary,Income ,,6500,2345.77,Salary 
12-Feb-22,Credit Card Payment,BigBank Expensive Card,Financial,Other Financials,,700,1645.77,ONLINE PAYMENT SYDNEY
12-Feb-22,Aldi Stores - Wherever Wherever,BigBank Expensive Card,Food & Drink,Groceries,121.15,,1766.92,Aldi Stores - Wherever Wherever
12-Feb-22,Woolworths/Wherever Rd Wherever,BigBank Expensive Card,Food & Drink,Groceries,18.24,,1785.16,Woolworths/Wherever Rd Wherever
12-Feb-22,BCF - Boating Camping Fishing (Everton Park),BigBank Expensive Card,Personal,Clothing,349.97,,2135.13,Bcf Everton Park Everton Park
12-Feb-22,Palms Caravan Park Torquay,BigBank Expensive Card,Travel,Accommodation,150,,2285.13,Palms Caravan Park Torquay
12-Feb-22,Spotlight (wkejf),BigBank Expensive Card,Personal,Other Personal Expenses,114.5,,2399.63,Spotlight wkejf wkejf
12-Feb-22,Chemist Warehouse (wkejf),BigBank Expensive Card,Health & Medical,Pharmacies,20.47,,2420.1,Chemist Warehouse wkejf
12-Feb-22,AXXDD Online Store,BigBank Expensive Card,Home,Other Home Expenses,54.98,,2475.08,AXXDD.com/bill Sydney
11-Feb-22,Fk's Summer House Dog Poin,BigBank Expensive Card,Food & Drink,Restaurants,129.41,,2604.49,Fk's Summer House Dog Poin
11-Feb-22,Credit Card Payment,BigBank Expensive Card,Financial,Other Financials,,850,1754.49,ONLINE PAYMENT SYDNEY
11-Feb-22,Coles Online,BigBank Expensive Card,Food & Drink,Groceries,173.94,,1928.43,Coles Online Hawthorn East
11-Feb-22,Philip Rigby Dental Pl osenf,BigBank Expensive Card,Health & Medical,Dentist,72,,2000.43,Philip Rigby Dental Pl osenf
9-Feb-22,Coles (Smallplace),BigBank Expensive Card,Food & Drink,Groceries,17.2,,2017.63,Coles 4431 Smallplace
7-Feb-22,Outback Equipment Fromhere Plain,BigBank Expensive Card,Transportation,Auto Supplies,256.82,,2274.45,Outback Equipment Fromhere Plain
7-Feb-22,Credit Card Payment,BigBank Expensive Card,Financial,Other Financials,,800,1474.45,ONLINE PAYMENT SYDNEY
6-Feb-22,Amazon Prime Subscription,BigBank Expensive Card,Services,Marketing,6.99,,1481.44,Amznprimeau Membership Sydney sdhf
6-Feb-22,Bunnings (Wherever),BigBank Expensive Card,Home,Other Home Expenses,111.88,,1593.32,Bunnings 429000 Wherever
6-Feb-22,JB Hi-Fi (Westfield wkejf),BigBank Expensive Card,Home,Other Home Expenses,39.95,,1633.27,Jb Hi Fi wkejf wkejf
6-Feb-22,Spotlight (wkejf),BigBank Expensive Card,Personal,Other Personal Expenses,115,,1748.27,Spotlight wkejf wkejf
6-Feb-22,Hotelscom9165310605590 Sydney,BigBank Expensive Card,Travel,Tours & Cruises,1810.68,,3558.95,Hotelscom9165310605590 Sydney
6-Feb-22,Credit Card Payment,BigBank Expensive Card,Financial,Other Financials,,2000,1558.95,ONLINE PAYMENT SYDNEY
5-Feb-22,Olive And AnPty L iwuehfj City,BigBank Expensive Card,Food & Drink,Restaurants,206.05,,1765,Olive And Angelo Pty L iwuehfj City
